0		0
1		0.00886736
2		0.130471
3		0.0933696
4		0.551199
5		0.854767
6		0.781302
7		0.593304
8		0.523682
9		0.31198
10		0.187296
11		0.0284384
12		0
13		0.0866047
14		0.343822
15		0.517457
16		0.810348
17		0.648898
18		1.2102
19		1.20219
20		0.770103
21		0.717442
22		0.412967
23		0.164197
24		0.109255
25		0
26		0.0255859
27		0.173131
28		0.217226
29		0.289881
30		0.713364
31		0.773467
32		0.890176
33		1.07958
34		1.2687
35		1.09236
36		1.21431
37		0.55781
38		0.62728
39		0.544506
40		0.243464
41		0.0820935
42		0
43		0.0747272
44		0.104951
45		0.372873
46		0.552494
47		1.33684
48		1.03228
49		1.15628
50		0.964055
51		1.09569
52		0.750369
53		0.28946
54		0.111692
55		0.043657
56		0
57		0.0894463
58		0.121382
59		0.440584
60		0.420678
61		0.651944
62		0.789887
63		1.23342
64		0.667177
65		0.618662
66		0.614552
67		0.575291
68		0.213905
69		0.0313578
70		0
71		0.00621155
72		0.296287
73		0.111153
74		0.330507
75		0.225423
76		0.181425
77		0.0320741
78		0
79		0.125914
80		0.053974
81		0.426133
82		0.631133
83		0.840679
84		0.891668
85		1.11548
86		0.770909
87		1.01591
88		0.437969
89		0.551894
90		0.228298
91		0.178928
92		0.0868328
93		0
94		0.0990225
95		0.0100568
96		0.0775229
97		0.22541
98		0.584324
99		0.523554
100		0.653545
101		0.5196
102		0.622374
103		0.240941
104		0.156466
105		0.135689
106		0
107		0.0857179
108		0.0876259
109		0.226164
110		0.661477
111		0.585183
112		1.05475
113		0.366841
114		0.305475
115		0.320542
116		0.0835289
117		0
118		0.0342639
119		0.0799509
120		0.2937
121		0.394888
122		0.740047
123		1.12813
124		1.23346
125		0.870165
126		0.425374
127		0.45752
128		0.258673
129		0.0813193
130		0
131		0.0526992
132		0.176327
133		0.481781
134		0.617512
135		0.678004
136		0.883606
137		1.01555
138		0.835128
139		0.194045
140		0.30733
141		0.26439
142		0
143		0.204257
144		0.329942
145		0.342897
146		0.743565
147		0.614895
148		0.605549
149		0.593144
150		0.361047
151		0.354736
152		11.4007
153		0.321214
154		0.132171
155		0.66182
156		0.646617
157		0.748268
158		0.395689
159		0.250863
160		0.0487329
161		0
162		0.0963788
163		0.0664706
164		0.27963
165		0.34334
166		0.136007
167		0.264145
168		0.2379
169		0
170		0.0689207
171		0.222677
172		0.393757
173		0.277495
174		0.729136
175		1.02926
176		1.36328
177		0.947808
178		0.659818
179		0.510568
180		0.169012
181		0.197814
182		0.0273663
183		0
184		0.143247
185		0.177437
186		0.252708
187		0.288958
188		0.121462
189		0.0182145
190		0

#-------------------------------------
# i 	 PatS(i)
