0		932.156
1		3.99376
2		8.95628
3		20.162
4		34.6634
5		53.1917
6		56.4146
7		41.8126
8		23.3089
9		12.2307
10		4.32703
11		826.633
12		4.86771
13		9.52643
14		15.3954
15		17.3853
16		25.0941
17		846.882
18		857.047
19		47.3809
20		37.2764
21		25.6285
22		12.4033
23		5.21604
24		907.287
25		4.19633
26		11.7148
27		18.4074
28		25.6184
29		820.048
30		825.751
31		823.687
32		843.076
33		28.8044
34		19.3063
35		11.424
36		4.814
37		715.459
38		3.54969
39		8.33444
40		9.81411
41		13.1991
42		9.34238
43		5.01736
44		891.122
45		5.16555
46		12.4497
47		18.7068
48		28.95
49		24.998
50		20.7457
51		12.6355
52		5.0044
53		865.13
54		5.6234
55		10.1301
56		23.8805
57		55.2582
58		75.4237
59		92.3769
60		784.236
61		851.27
62		73.5623
63		44.6612
64		21.5377
65		11.6672
66		4.77755
67		906.353
68		4.94417
69		11.5651
70		19.7805
71		46.1938
72		66.211
73		57.9498
74		39.3808
75		19.8362
76		10.959
77		5.4497
78		882.377
79		4.70787
80		9.07773
81		13.378
82		16.1278
83		13.0317
84		9.95227
85		3.87245
86		890.298
87		5.18058
88		12.613
89		18.5271
90		24.8332
91		23.341
92		17.2249
93		10.0175
94		3.87946
95		851.08
96		5.04336
97		9.63466
98		15.4212
99		19.914
100		21.9503
101		13.107
102		6.65117
103		3.51566
104		885.757
105		1.51395
106		354.732
107		2.32273
108		6.16155
109		13.8785
110		26.3347
111		31.6847
112		21.8853
113		14.4032
114		12.06
115		4.88145
116		779.972
117		5.82246
118		11.6537
119		25.4604
120		43.5669
121		120.529
122		121.64
123		116.882
124		41.2112
125		26.7032
126		11.6437
127		5.88229
128		854.753
129		4.27117
130		10.4172
131		19.72
132		36.866
133		852.905
134		873.22
135		853.064
136		828.437
137		30.3947
138		21.5086
139		9.42299
140		4.18654
141		892.942
142		4.95892
143		9.36196
144		20.6268
145		33.8279
146		421.27
147		761.036
148		897.58
149		791.632
150		61.4002
151		45.3618
152		26.6488
153		19.3989
154		10.0516
155		5.38157
156		750.044
157		5.51119
158		12.5429
159		25.2395
160		41.781
161		78.8043
162		836.256
163		73.1405
164		53.4125
165		32.2453
166		23.8566
167		14.2605
168		9.66773
169		4.84873
170		1.63731
171		519.956
172		860.044
173		2.26633
174		3.65656
175		9.00357
176		14.3308
177		11.9696
178		10.5355
179		4.711
180		3.76433
181		873.239
182		3.90827
183		7.20134
184		9.63502
185		7.11308
186		3.53528
187		848.051
188		5.04617
189		12.5359
190		16.8144
191		20.3588
192		13.8898
193		8.13971
194		4.01298
195		873.315
196		3.70721
197		4.29902
198		8.60228
199		15.666
200		18.7797
201		16.0532
202		11.6954
203		4.70264
204		903.551
205		5.2133
206		11.3419
207		11.6462
208		12.4074
209		6.46228
210		3.52965
211		878.521
212		3.32651
213		4.88381
214		5.63339
215		3.29882
216		723.673
217		3.86122
218		9.34563
219		24.1009
220		40.4251
221		94.5437
222		410.9
223		99.8531
224		77.7786
225		32.0307
226		16.6587
227		7.13851
228		3.09547
229		925.797

#-------------------------------------
# i 	 PatA(i)
