0		0
1		0.0778099
2		0.0710948
3		0.347718
4		0.663171
5		1.80817
6		1.71569
7		0.393467
8		4.01159
9		0.208149
10		0.469164
11		8.80039
12		0.327232
13		0.875403
14		1.87487
15		2.51511
16		1.69227
17		3.37074
18		0.744434
19		0.633556
20		7.57753
21		0.621173
22		0.941887
23		0.626744
24		7.21314
25		0.610579
26		1.94688
27		1.018
28		0.653035
29		0.203911
30		0.0725056
31		0
32		0.0492112
33		0.191913
34		0.19506
35		0.648611
36		1.2585
37		0.695837
38		0.469991
39		0.189735
40		0.0796769
41		0
42		0.0570465
43		0.164359
44		0.15901
45		0.222203
46		0.116914
47		0
48		0.0561954
49		0.116465
50		0.3566
51		0.0502365
52		0.133068
53		0.0173643
54		0
55		0.0514779
56		0.156838
57		0.495877
58		1.066
59		0.411639
60		0.612588
61		6.79112
62		0.726497
63		0.762453
64		1.23865
65		1.57895
66		0.56034
67		7.94906
68		0.306735
69		0.688895
70		1.01419
71		0.717637
72		9.89596
73		0.601918
74		0.860348
75		2.00805
76		1.12066
77		0.532285
78		0.262301
79		0.20709
80		0
81		0.100593
82		0.311267
83		0.61636
84		1.19091
85		0.969794
86		0.362464
87		10.5761
88		0.534856
89		0.599784
90		1.31012
91		0.673807
92		0.368873
93		5.40345
94		3.609
95		5.80257
96		0.122486
97		0.668846
98		0.420895
99		0.200407
100		7.36361
101		0.6395
102		1.11532
103		1.65732
104		1.96353
105		0.816567
106		0.370081
107		8.64075
108		0.103111
109		0.71728
110		0.844416
111		3.43385
112		0.61488
113		0.501815
114		9.44295
115		0.554216
116		0.730755
117		1.29104
118		0.663649
119		0.546975
120		0.244714
121		0.0554058
122		0
123		0.104545
124		0.286128
125		0.327639
126		1.06146
127		1.74925
128		1.50814
129		1.06135
130		0.493312
131		0.26603
132		0.0475771
133		0
134		0.0586615
135		0.110924
136		0.420785
137		0.398089
138		0.144539
139		0.0750312
140		0
141		0.108454
142		0.182757
143		0.611783
144		0.773831
145		1.01054
146		1.14542
147		0.492597
148		8.16806
149		0.599274
150		0.81067
151		0.573628
152		0.266784
153		0.136546
154		0
155		0.0882301
156		0.340707
157		0.512461
158		0.637568
159		0.390675
160		0.127716
161		0.119834
162		0
163		0.224309
164		0.210143
165		0.400035
166		0.726289
167		2.06613
168		1.44923
169		1.70425
170		2.07442
171		1.31262
172		0.710357
173		0.365186
174		0.255381
175		0.137128
176		0
177		0.126101
178		0.104869
179		0.378273
180		0.677526
181		0.8645
182		2.79487
183		1.40422
184		1.64267
185		1.01218
186		0.664145
187		7.52589
188		0.509333
189		0.482226
190		0.28683
191		8.41885
192		0.379496
193		1.25121
194		0.834437
195		0.323538
196		10.0121
197		0.438363
198		0.842117
199		1.88418
200		1.61523
201		0.626343
202		0.0815225
203		0.0730339
204		0
205		0.0885734
206		0.18172
207		0.421584
208		0.517204
209		0.342918
210		10.2158
211		0.620906
212		0.4239
213		1.84731
214		1.64332
215		1.80308
216		0.903338
217		0.477091
218		0.353114
219		0.0143126
220		0
221		0.137744
222		0.205141
223		0.577806
224		0.788054
225		0.599701
226		0.42413
227		0.192559
228		0.135186
229		0
230		0.150648
231		0.143981
232		0.514552
233		0.759813
234		0.622267
235		0.409683
236		0.0800438
237		0.198369
238		0
239		0.0339317
240		0.181523
241		0.00601237
242		0.625374
243		0.655027
244		4.06281
245		1.33488
246		1.29246
247		1.5103
248		1.81073
249		1.82914
250		2.17886
251		1.78637
252		0.607151
253		0.467169
254		0.225878
255		0.111475
256		0
257		0.0765601
258		0.314066
259		0.698029
260		1.24109
261		1.40497
262		1.06454
263		1.84364
264		1.84661
265		1.22442
266		2.84817
267		1.39218
268		0.622133
269		4.29817
270		1.18331
271		1.76244
272		5.44583
273		1.21186
274		2.10763
275		1.48761
276		0.382801
277		11.0853
278		0.174432
279		0.683845
280		0.883018
281		0.464534
282		0.490044
283		0.15968
284		0
285		0.160295
286		0.173808
287		0.535174
288		0.921503
289		0.542184
290		0.65686
291		0.284169
292		0.0111464
293		0
294		0.0690917
295		0.192582
296		0.381545
297		0.644129
298		0.861103
299		1.64676
300		0.145505
301		0.191647
302		0.0565799
303		0
304		0.0320716
305		0.129744
306		0.142989
307		0.169944
308		0
309		0.0467392
310		0.210618
311		0.32321
312		0.973731
313		0.647471
314		1.16636
315		0.844387
316		0.352575
317		0.0442413
318		0
319		0.0237874
320		0.144845
321		0.229335
322		1.29354
323		2.02528
324		0.878731
325		0.99832
326		0.229907
327		0.170599
328		0.107099
329		0
330		0.0748173
331		0.169819
332		0.802148
333		0.872503
334		1.22758
335		0.779785
336		0.477136
337		0.0665251
338		0.0299392
339		0

#-------------------------------------
# i 	 PatS(i)
