0		0
1		0.0551856
2		0.192129
3		0.203009
4		0.565598
5		1.05995
6		2.04924
7		0.550471
8		4.30238
9		3.09143
10		3.0802
11		4.27426
12		0.780168
13		0.268508
14		8.9739
15		0.606337
16		0.809851
17		1.65168
18		1.77074
19		1.26878
20		2.48771
21		0.848466
22		0.395945
23		7.70256
24		0.718647
25		0.598864
26		0.293839
27		9.36935
28		0.669694
29		1.10086
30		1.04961
31		0.920431
32		0.927127
33		0.622043
34		0.302608
35		0.138606
36		0
37		0.155015
38		0.317077
39		0.37264
40		0.691133
41		1.0408
42		0.533714
43		0.378539
44		0.263026
45		0.231547
46		0
47		0.108368
48		0.191197
49		0.166749
50		0.203645
51		0.0936774
52		0
53		0.0695132
54		0.131713
55		0.212105
56		0.279731
57		0.12219
58		0.18445
59		0
60		0.0298652
61		0.135725
62		0.331554
63		1.00751
64		0.516717
65		0.462516
66		7.65847
67		0.471356
68		0.831854
69		1.41228
70		1.07911
71		0.368005
72		8.33952
73		0.202397
74		0.599223
75		0.434654
76		0.477675
77		9.48617
78		0.48761
79		1.37791
80		1.71733
81		0.728062
82		0.676833
83		0.302862
84		0.120274
85		0
86		0.0772617
87		0.248698
88		0.40706
89		0.942
90		1.28926
91		0.461166
92		10.6727
93		0.498691
94		1.27296
95		1.79566
96		1.23098
97		0.887685
98		4.65479
99		2.17869
100		5.74647
101		0.639099
102		1.00776
103		0.811729
104		0.387338
105		9.42893
106		0.494411
107		0.844957
108		2.39953
109		2.06608
110		1.24281
111		0.472561
112		9.5508
113		0.346058
114		1.21982
115		1.00301
116		4.64344
117		0.920933
118		0.482936
119		10.4681
120		0.517958
121		1.12521
122		0.70653
123		1.08342
124		0.289306
125		0.0886535
126		0.0816488
127		0
128		0.0984091
129		0.0234317
130		0.488533
131		1.08803
132		1.78644
133		0.972961
134		0.337098
135		0.182811
136		0.209172
137		0.0906545
138		0
139		0.00188827
140		0.237821
141		0.181551
142		0.35747
143		0.125346
144		0.321056
145		0
146		0.0883243
147		0.190125
148		0.543171
149		0.259247
150		0.969302
151		0.913934
152		0.138249
153		6.96843
154		0.552435
155		0.389631
156		0.361489
157		0.02779
158		0
159		0
160		0.0558517
161		0.380422
162		0.399304
163		0.348025
164		0.50926
165		0.183133
166		0.0527006
167		0
168		0.0751845
169		0.380669
170		0.447719
171		0.720345
172		1.76575
173		1.0651
174		2.05982
175		1.97815
176		1.27283
177		0.848264
178		0.776585
179		0.115594
180		0.0175866
181		0
182		0.037558
183		0.180323
184		0.217277
185		0.596191
186		0.651467
187		2.93806
188		1.65107
189		1.77682
190		1.16546
191		0.677045
192		7.59476
193		0.347794
194		0.797232
195		0.700991
196		0.97215
197		0.786475
198		0.544288
199		0.488777
200		7.88459
201		0.593403
202		0.704831
203		0.808757
204		0.404901
205		11.8657
206		0.416044
207		0.846772
208		1.41827
209		0.555273
210		0.57307
211		0.152246
212		0.196642
213		0
214		0.0422907
215		0.115275
216		0.462528
217		0.72857
218		0.288422
219		9.21474
220		0.370587
221		0.618824
222		1.25023
223		1.37734
224		1.47922
225		0.987356
226		0.614055
227		0.28174
228		0.100285
229		0
230		0.0635438
231		0.175265
232		0.592154
233		0.730898
234		0.905031
235		0.339745
236		0.20566
237		0.0215171
238		0
239		0.192238
240		0.313597
241		0.651333
242		0.983851
243		0.918029
244		0.209972
245		0.217556
246		0.0409597
247		0
248		0.112473
249		0.159037
250		0.425386
251		0.815379
252		0.563814
253		3.78629
254		0.984559
255		1.40282
256		1.85677
257		1.88858
258		2.3956
259		1.92452
260		1.28652
261		0.952582
262		0.451119
263		0.161763
264		0.157761
265		0
266		0.158699
267		0.205801
268		0.467277
269		1.44602
270		1.57688
271		1.55869
272		2.10618
273		1.95685
274		0.742614
275		6.93782
276		0.634241
277		0.694011
278		5.16059
279		0.743074
280		0.706126
281		6.16187
282		0.717201
283		2.20551
284		0.545466
285		0.397129
286		9.37013
287		0.18989
288		0.633647
289		1.07123
290		0.97727
291		0.598382
292		0.220792
293		0.0469844
294		0
295		0.0730866
296		0.282633
297		0.576171
298		0.628967
299		0.65551
300		0.25337
301		0.334782
302		0
303		0
304		0.033112
305		0.0685658
306		0.284982
307		0.795328
308		1.31325
309		1.1094
310		0.788424
311		0.263361
312		0.0813072
313		0
314		0.0867981
315		0.088159
316		0.0393872
317		0.0443483
318		0
319		0.054864
320		0.104118
321		0.850363
322		1.14593
323		0.462153
324		1.02229
325		0.5947
326		0.316915
327		0.105117
328		0
329		0.079685
330		0.269787
331		0.379352
332		0.601626
333		1.91611
334		1.20741
335		0.913929
336		0.590125
337		0.166846
338		0.144337
339		0
340		0.0794258
341		0.112992
342		0.523743
343		1.07603
344		1.40447
345		1.70944
346		0.930576
347		0.356796
348		0.225083
349		0.139193
350		0

#-------------------------------------
# i 	 PatS(i)
