0		25.5907
1		39.8329
2		22.6422
3		13.8404
4		9.31258
5		6.20536
6		5.9451
7		7.31669
8		11.6792
9		20.6926
10		33.6735
11		28.5264
12		32.9418
13		20.7434
14		14.0045
15		11.8458
16		15.6451
17		24.9181
18		20.5923
19		23.443
20		14.8748
21		13.109
22		18.2094
23		31.1615
24		26.686
25		30.5783
26		20.4344
27		15.3688
28		11.3348
29		9.10226
30		8.49607
31		10.2671
32		10.1705
33		13.8547
34		17.0281
35		20.2354
36		24.5629
37		35.8893
38		34.4718
39		40.3589
40		28.4773
41		22.3651
42		19.6606
43		18.7631
44		22.866
45		35.133
46		31.547
47		36.52
48		22.0107
49		14.1637
50		8.68355
51		7.19186
52		9.68081
53		11.3359
54		15.7232
55		29.2324
56		28.1157
57		31.1252
58		20.0364
59		14.7597
60		11.7979
61		10.4347
62		10.1342
63		10.7568
64		9.97376
65		8.687
66		9.50787
67		12.8745
68		20.0934
69		32.7763
70		29.1436
71		31.826
72		21.0806
73		12.9866
74		8.26537
75		6.46924
76		6.51431
77		8.42013
78		10.9502
79		17.2168
80		29.5094
81		26.7778
82		30.8694
83		18.0759
84		13.4278
85		11.064
86		10.2578
87		13.5593
88		23.5842
89		33.884
90		28.1384
91		29.4183
92		17.6756
93		11.6299
94		9.27688
95		9.18658
96		11.277
97		16.3632
98		29.4861
99		26.551
100		30.1822
101		21.7582
102		15.8226
103		13.3072
104		13.22
105		14.2395
106		22.4469
107		39.9674
108		44.3759
109		61.6137
110		49.5237
111		44.6064
112		27.8774
113		16.6644
114		10.9161
115		8.09159
116		7.02915
117		8.88046
118		12.2403
119		19.1841
120		30.0949
121		24.9878
122		28.1852
123		18.9796
124		11.4163
125		9.12456
126		8.05956
127		7.60735
128		7.22689
129		9.69369
130		13.2393
131		20.3675
132		33.1454
133		28.6376
134		31.3107
135		21.0404
136		15.5779
137		12.6225
138		11.9532
139		11.0881
140		10.8512
141		10.4937
142		10.6494
143		12.5516
144		18.2474
145		32.5766
146		30.0988
147		34.1773
148		21.2486
149		15.0743
150		14.669
151		18.1882
152		24.4855
153		34.1279
154		30.4614
155		32.8592
156		21.7493
157		15.4411
158		14.4373
159		15.6781
160		21.6089
161		31.6166
162		26.6967
163		29.6955
164		17.5118
165		12.7748
166		10.5134
167		8.72194
168		7.00821
169		5.87322
170		5.50108
171		6.03133
172		6.68331
173		7.63573
174		11.9302
175		20.9609
176		33.4497
177		53.7202
178		61.1248
179		60.3873
180		50.3328
181		29.4288
182		18.1538
183		12.743
184		12.6092
185		14.1253
186		17.1675
187		28.7046
188		28.4653
189		35.53
190		26.8026
191		25.2161
192		28.355
193		36.7339
194		33.1788
195		35.9139
196		24.2687
197		17.1195
198		15.0641
199		16.0028
200		21.3763
201		32.8186
202		28.4041
203		31.3797
204		19.5264
205		14.4879
206		12.4662
207		10.14
208		11.3484
209		18.3278
210		31.4366
211		29.2747
212		33.5059
213		23.7798
214		18.521
215		16.9633
216		17.7186
217		23.3929
218		35.6628
219		31.4242
220		34.7227
221		25.4886
222		23.6282
223		26.3864
224		33.8675
225		25.8918
226		27.1298
227		18.1966
228		13.5437
229		10.5993
230		8.21844
231		7.29831
232		8.96513
233		10.1122
234		12.1598
235		16.9998
236		25.7213
237		40.8128
238		26.0397

#-------------------------------------
# i 	 Inhb(i)
