0		215.159
1		28.4384
2		28.7348
3		28.5849
4		29.2179
5		30.9336
6		33.1696
7		31.5588
8		32.6151
9		31.7936
10		27.3989
11		210.632
12		29.903
13		30.7925
14		30.8494
15		31.01
16		28.4688
17		26.9811
18		28.6045
19		205.703
20		30.101
21		27.3724
22		29.068
23		31.6531
24		32.738
25		31.2274
26		30.9358
27		28.4687
28		208.928
29		28.6055
30		28.5296
31		33.5728
32		31.4
33		30.0805
34		29.3333
35		28.3537
36		30.9203
37		30.2259
38		206.701
39		28.4818
40		26.8233
41		30.7979
42		29.2394
43		31.827
44		31.2783
45		29.8268
46		30.1969
47		26.8766
48		27.9311
49		201.648
50		28.7641
51		28.1973
52		29.4281
53		28.645
54		31.1329
55		28.2414
56		29.5128
57		27.7572
58		200.008
59		29.502
60		27.7704
61		30.663
62		31.9153
63		30.9165
64		33.4488
65		32.0033
66		39.7761
67		34.7025
68		34.2611
69		31.4814
70		33.8662
71		30.1776
72		28.1703
73		27.7838
74		29.3626
75		203.244
76		26.8601
77		27.931
78		30.7354
79		27.0133
80		28.6265
81		28.5028
82		204.082
83		28.8882
84		27.3882
85		27.5594
86		28.7662
87		29.6034
88		28.883
89		30.0639
90		196.256
91		29.1341
92		28.3879
93		30.6631
94		28.8372
95		32.6676
96		34.766
97		37.831
98		38.328
99		38.3551
100		33.705
101		30.8796
102		29.6255
103		29.3757
104		216.179
105		29.0458
106		28.7461
107		28.0337
108		30.9084
109		28.9362
110		28.8908
111		27.3125
112		209.667
113		27.2541
114		28.5351
115		31.4011
116		28.2393
117		30.2683
118		30.2561
119		30.9724
120		29.3375
121		27.2253
122		30.1688
123		208.51
124		27.9621
125		27.9379
126		29.3519
127		32.4196
128		32.3027
129		32.1173
130		31.2967
131		27.0495
132		29.1984
133		210.424
134		28.9326
135		29.0834
136		32.1707
137		30.441
138		29.3817
139		30.8063
140		28.0897
141		28.2723
142		206.564
143		28.5301
144		28.5722
145		27.9668
146		30.3614
147		31.4856
148		33.608
149		50.7678
150		34.5671
151		40.7079
152		33.9021
153		39.5108
154		32.1469
155		30.7055
156		30.2056
157		28.0651
158		27.3891
159		211.488
160		30.5993
161		29.5639
162		29.0545
163		29.3086
164		31.1946
165		31.413
166		32.1587
167		29.4252
168		36.0855
169		34.8403
170		33.8297
171		39.2196
172		34.834
173		35.7051
174		40.494
175		34.8373
176		32.8433
177		32.3408
178		31.4842
179		28.494
180		30.8818
181		27.5931
182		205.363
183		28.5705
184		27.5775
185		30.0951
186		31.0881
187		33.3041
188		30.6615
189		30.4582
190		28.8789
191		29.4698
192		208.671
193		28.8123
194		27.586
195		30.5881
196		28.6824
197		29.7629
198		26.0996
199		203.432
200		28.654
201		28.5258
202		29.9079
203		29.8304
204		32.1155
205		31.8593
206		27.7546
207		32.1766
208		28.0114
209		27.9416
210		30.036
211		202.474
212		27.4737
213		29.1128
214		32.1828
215		27.6447
216		35.8319
217		34.3418
218		40.0265
219		42.5327
220		36.6694
221		35.7719
222		33.9875
223		35.4948
224		31.4171
225		28.4751
226		28.5268
227		30.7808
228		207.431
229		28.4586
230		28.923
231		28.2507
232		28.4886
233		32.6235
234		34.7439
235		31.6634
236		27.9087
237		29.339
238		31.0068
239		27.9026
240		26.2739
241		210.284
242		30.0237
243		27.7239
244		29.2153
245		29.9004
246		31.5552
247		34.3684
248		34.3097
249		33.4201
250		33.0479
251		33.2674
252		32.1323
253		32.0059
254		30.9252
255		29.709
256		29.0822
257		208.38
258		29.2573
259		29.5817
260		28.0175
261		29.6649
262		32.8417
263		30.9544
264		31.767
265		30.561
266		29.1264
267		28.84
268		28.7545
269		211.615

#-------------------------------------
# i 	 HetR(i)
