0		0
1		0
2		0
3		0.158972
4		0.064557
5		0.147091
6		0
7		0
8		0.287459
9		0
10		0.738157
11		0.761393
12		0.0431374
13		0
14		0
15		0
16		0.170414
17		0
18		0.348541
19		0.133622
20		0.553978
21		0.962368
22		0.379686
23		0.681629
24		0.00186089
25		0
26		0.0118389
27		0.400042
28		0.441857
29		0.928998
30		1.13525
31		0.823721
32		1.82067
33		0
34		0.792254
35		2.98859
36		0.935598
37		0.144949
38		0
39		0
40		0.443001
41		0
42		0
43		0.374273
44		1.60341
45		0.954873
46		0.247342
47		3.85332
48		0.634304
49		0.97224
50		2.34812
51		0.377424
52		0.277269
53		0
54		0.0226006
55		0.0722117
56		0.103701
57		0.275354
58		0
59		0
60		0.0201169
61		0.0233771
62		0.0307168
63		0.0792663
64		0
65		0
66		0.0911581
67		0
68		0.472994
69		0.0156576
70		0.0949815
71		0.0371805
72		0
73		0.973233
74		2.6048
75		1.30752
76		0.981844
77		0.0340383
78		0
79		0.0326833
80		0.00604362
81		0.0167309
82		0.0433198
83		0
84		0.0727439
85		0.00187991
86		0.0126071
87		0.601733
88		0.242414
89		0.288222
90		1.77812
91		0
92		0.797643
93		0.232982
94		0.796579
95		1.0472
96		1.0549
97		2.70429
98		1.87145
99		1.08674
100		0.992323
101		0.578115
102		0.18947
103		0
104		0.409143
105		0.229799
106		0.15067
107		0
108		0.131396
109		0
110		0.0182877
111		0
112		0.860443
113		0.0346187
114		0.0240973
115		0
116		0.0956617
117		0.270018
118		0.271789
119		0
120		4.67263
121		1.61696
122		0.529443
123		0.0183129
124		0
125		0.0746027
126		0.0492176
127		0.16721
128		0.0999439
129		0.0723863
130		0
131		0.439325
132		2.33726
133		0.0170601
134		2.17797
135		0.957024
136		0.0746983
137		0.306649
138		0.153137
139		5.62858
140		3.03503
141		1.70039
142		0.820554
143		0.065881
144		0.180066
145		0
146		0
147		0.134985
148		0.921716
149		0.603677
150		0
151		0.0828348
152		0.417477
153		0
154		0.173225
155		0.119061
156		0
157		1.25152
158		0.267858
159		1.29294
160		0.506771
161		0.530689
162		0
163		0.198493
164		0.184576
165		0.0712504
166		0.161473
167		0.0355584
168		0
169		0
170		0.0124599
171		0
172		0.0863523
173		0.0332897
174		0.306674
175		0.43768
176		0.951733
177		0.896337
178		0.173651
179		0
180		0.730188
181		0
182		0.620313
183		0.949954
184		0.546068
185		0.0800278
186		0.457544
187		0.0090932
188		0
189		0.047697
190		0.936416
191		0.762182
192		2.44371
193		2.4711
194		0.988719
195		0.0763235
196		0.421946
197		0
198		0.101765
199		0.312024
200		0.474888
201		1.74169
202		1.48716
203		8.04421
204		1.40184
205		3.19487
206		0.00824736
207		8.76522
208		1.56113
209		0.69672
210		2.78181
211		1.497
212		0.232416
213		0.347121
214		0.0864311
215		0.0791106
216		0
217		0.116471
218		0
219		0.186315
220		0.0408752
221		0.0704445
222		0.292184
223		1.73938
224		0.610431
225		3.94628
226		1.58791
227		2.50744
228		1.71173
229		0.961249
230		0
231		0.257472
232		0.277327
233		0.26241
234		0.0831827
235		4.6775
236		3.10021
237		8.39643
238		1.64394
239		1.43008
240		1.32445
241		0.531887
242		0.653358
243		0
244		0.157836
245		0.0857452
246		0.395871
247		0.159706
248		0
249		0.439515
250		0
251		0.0173402
252		0.0214483
253		0.828984
254		0.189006
255		0.0360519
256		0
257		0.0739789
258		0
259		0.723265
260		0.726793
261		1.30417
262		1.41015
263		9.32094
264		0.601657
265		0.466999
266		0.812775
267		0.862788
268		0.120026
269		0.0789012
270		0.261331
271		1.59701
272		5.09327
273		3.71104
274		3.0635
275		1.58047
276		1.15689
277		1.14858
278		2.01563
279		2.94753
280		0.648871
281		0.203327
282		0
283		0.0810947
284		0
285		0.582892
286		1.56726
287		3.12919
288		1.87814
289		0
290		0.204624
291		0.230473
292		0
293		0.0247703
294		0.826281
295		0.0123094
296		0.356403
297		0.0681596
298		0
299		0.209932
300		0.923039
301		1.08497
302		0.0159457
303		0
304		0.590926
305		0.0472736
306		0.0183899
307		0.133748
308		0
309		0
310		0.28492
311		0.113404
312		0.116071
313		0
314		0.0797254
315		0.0858213
316		0.141402
317		0.44189
318		0
319		0.628042
320		0
321		0.340904
322		0.496468
323		0.343351
324		0.0222821
325		0
326		0
327		0.099426
328		1.70649
329		0.0284711
330		0.350229
331		0.0752215
332		0.503769
333		0.215627
334		0
335		0
336		0
337		0.0403489
338		0.0658628
339		0
340		0
341		8.72093

#-------------------------------------
# i 	 PatS(i)
