0		22.6011
1		37.8322
2		25.0811
3		17.3793
4		14.4965
5		15.3877
6		17.7907
7		15.5811
8		16.6253
9		14.4828
10		14.8086
11		14.8461
12		14.9436
13		16.3044
14		21.1293
15		33.5469
16		31.1415
17		34.4916
18		23.2621
19		17.8436
20		14.7796
21		13.8306
22		16.3586
23		15.4895
24		17.9603
25		16.2931
26		16.0075
27		19.3966
28		24.9897
29		34.226
30		31.0771
31		36.7681
32		25.3998
33		18.7383
34		14.8074
35		14.5546
36		12.3705
37		9.45872
38		10.7304
39		14.8476
40		13.5123
41		15.6098
42		12.602
43		12.4913
44		14.2195
45		16.6641
46		22.517
47		32.6398
48		29.9848
49		35.7795
50		26.6873
51		19.6338
52		15.207
53		13.7299
54		13.8424
55		13.1155
56		12.0386
57		10.6016
58		10.5932
59		11.9196
60		12.8323
61		16.8176
62		26.2029
63		36.819
64		30.8618
65		37.2805
66		26.3166
67		22.4454
68		26.3964
69		34.7831
70		30.564
71		34.6966
72		24.0935
73		18.3333
74		18.8417
75		23.0461
76		32.3805
77		29.5921
78		35.3706
79		24.747
80		18.5685
81		15.8213
82		13.7014
83		13.626
84		13.89
85		13.2318
86		11.9493
87		9.97983
88		11.0844
89		14.816
90		21.1522
91		31.8162
92		29.2235
93		34.467
94		22.5086
95		16.1241
96		14.7142
97		14.0345
98		14.4416
99		13.9087
100		14.3411
101		15.9762
102		17.3347
103		21.9582
104		32.7713
105		31.1692
106		36.5202
107		23.8301
108		15.1934
109		13.9266
110		13.9187
111		11.8209
112		13.089
113		16.9674
114		14.7878
115		16.6611
116		15.451
117		15.0008
118		14.7384
119		18.2676
120		24.3666
121		36.6652
122		32.2485
123		35.3461
124		23.635
125		17.5999
126		13.8498
127		11.5891
128		13.157
129		16.7909
130		14.0322
131		13.69
132		12.8381
133		14.6345
134		17.888
135		23.8609
136		34.7575
137		31.1609
138		36.0627
139		25.3335
140		16.146
141		10.9496
142		10.2676
143		11.5917
144		14.3228
145		18.5926
146		29.97
147		27.5296
148		30.9842
149		21.0652
150		14.5216
151		10.9867
152		10.859
153		12.5809
154		14.7408
155		17.094
156		22.6966
157		32.8441
158		28.9721
159		31.5993
160		19.2773
161		13.9629
162		11.4499
163		10.6827
164		12.4837
165		14.3145
166		15.9092
167		19.1778
168		25.6235
169		37.2149
170		33.5565
171		36.73
172		25.5074
173		20.8521
174		18.4618
175		20.0012
176		25.0486
177		35.958
178		32.4704
179		32.8834
180		21.732
181		16.7589
182		13.3695
183		12.1619
184		12.3953
185		13.441
186		12.0223
187		14.3891
188		13.0782
189		12.0829
190		11.281
191		12.8929
192		17.6743
193		25.389
194		36.1041
195		30.7256
196		32.1061
197		20.9004
198		16.8238
199		14.754
200		13.1536
201		12.6469
202		12.7017
203		14.911
204		15.8253
205		17.5404
206		23.6377
207		32.3814
208		27.9477
209		32.302
210		22.162
211		16.7167
212		13.4589
213		12.0773
214		14.6231
215		12.5225
216		15.5664
217		13.5608
218		13.8739
219		16.1575
220		13.9735
221		17.1545
222		15.3988
223		16.3273
224		18.2727
225		22.3579
226		32.3573
227		28.4671
228		33.2666
229		22.1831
230		15.8977
231		14.5902
232		16.0269
233		14.1703
234		16.9732
235		18.2772
236		18.1892
237		16.9645
238		14.074
239		13.5473
240		15.1999
241		17.5456
242		15.3725
243		16.0738
244		14.11
245		16.102
246		13.931
247		15.537
248		14.0691
249		16.1428
250		15.0206
251		17.8371
252		18.1966
253		22.2711
254		33.9564
255		31.8593
256		35.5991
257		21.9758
258		15.4409
259		12.0687
260		11.5236
261		12.3241
262		15.7879
263		22.7846
264		35.4123
265		32.7262
266		37.0234
267		25.1816
268		17.4956
269		12.9607
270		13.6849
271		17.427
272		15.5874
273		16.9611
274		14.188
275		14.2435
276		14.6523
277		14.7033
278		14.9976
279		19.4243
280		25.0393
281		36.7913
282		32.9113
283		33.4053
284		21.9192
285		16.6861
286		14.4876
287		14.3199
288		15.6805
289		16.5104
290		20.6227
291		32.8076
292		28.3675
293		33.2548
294		21.5608
295		14.3714
296		12.1407
297		12.2893
298		15.4135
299		20.8297
300		31.7953
301		29.1201
302		33.172
303		22.6029
304		15.4307
305		12.5862
306		13.4831
307		16.0699
308		18.4459
309		16.6475
310		18.4871
311		16.1363
312		14.0188
313		14.3102
314		16.3099
315		13.4852
316		15.5292
317		15.2142
318		15.6432
319		14.3955
320		15.6322
321		15.1997
322		14.1322
323		16.2594
324		23.1549
325		33.8057
326		31.28
327		32.4393
328		19.958
329		14.6708
330		13.4225
331		13.2194
332		13.1467
333		12.4603
334		14.0277
335		16.603
336		15.2588
337		17.3252
338		16.3562
339		14.8618
340		16.2699
341		16.0941
342		13.6076
343		15.8901
344		17.3779
345		22.3861
346		32.076
347		25.1997
348		29.7663
349		18.2004
350		12.1189
351		11.8471
352		14.6553
353		19.0347
354		32.1239
355		29.587
356		33.0832
357		24.5107
358		19.6316
359		15.4331
360		13.3125
361		11.1591
362		11.1936
363		12.4299
364		12.5894
365		13.8926
366		11.6287
367		11.0375
368		14.2652
369		19.9696
370		31.4966
371		28.65
372		32.1365
373		22.8356
374		18.2837
375		13.2417
376		11.4681
377		12.1032
378		15.1967
379		22.7017
380		33.8547
381		28.8687
382		33.53
383		23.5891
384		19.6778
385		20.1154
386		23.5712
387		32.8746
388		29.0447
389		33.8022
390		23.3852
391		16.3694
392		11.7669
393		10.8081
394		10.6484
395		10.6224
396		11.0556
397		12.0523
398		13.8614
399		19.6852
400		31.5861
401		29.4668
402		32.5051
403		23.6094
404		17.0372
405		12.9295
406		12.1828
407		12.3177
408		13.1938
409		13.7705
410		14.4843
411		14.5967
412		14.2624
413		15.575
414		14.5876
415		14.0669
416		14.5422
417		17.1628
418		21.5246
419		32.2048
420		27.8514
421		31.5755
422		23.1409
423		16.127
424		12.4897
425		12.4868
426		11.7726
427		12.2183
428		12.364
429		14.7393
430		15.0251
431		14.7815
432		15.701
433		16.7376
434		19.5502
435		26.4971
436		39.1828
437		23.9831

#-------------------------------------
# i 	 Inhb(i)
