0		13.5948
1		20.544
2		30.0299
3		46.5868
4		57.2721
5		60.3038
6		52.4361
7		35.2638
8		23.5482
9		16.6826
10		14.0263
11		13.122
12		14.8179
13		22.4917
14		20.1554
15		24.6952
16		15.4336
17		12.1791
18		14.5578
19		21.5433
20		33.3255
21		30.5022
22		33.4326
23		21.7695
24		16.5783
25		12.4247
26		10.6958
27		11.4509
28		10.7034
29		11.4298
30		9.2447
31		8.86123
32		9.47035
33		10.225
34		11.5062
35		15.2819
36		23.4472
37		34.6329
38		29.2874
39		32.6164
40		19.9532
41		12.8366
42		10.8411
43		9.42647
44		8.53054
45		9.84615
46		11.0273
47		13.9205
48		19.9256
49		31.0083
50		28.3247
51		31.058
52		19.0099
53		12.5477
54		10.5819
55		9.22214
56		10.6939
57		15.4212
58		20.7026
59		31.5436
60		26.8569
61		33.3025
62		23.7241
63		17.6189
64		14.2314
65		14.969
66		18.0255
67		22.3581
68		32.3854
69		28.368
70		31.2973
71		21.2442
72		14.8423
73		10.6996
74		9.35239
75		8.87055
76		9.2958
77		10.1555
78		12.0541
79		16.4386
80		23.2198
81		35.2075
82		31.057
83		33.9188
84		19.7084
85		13.3526
86		11.3177
87		11.5594
88		13.2347
89		17.6871
90		16.6223
91		19.6147
92		14.2258
93		10.6693
94		9.10281
95		8.62147
96		8.85421
97		10.8642
98		15.3214
99		22.6188
100		35.1444
101		32.4002
102		36.0698
103		21.7235
104		15.9682
105		13.57
106		10.8852
107		10.1032
108		11.6662
109		14.4757
110		20.8065
111		32.8396
112		28.203
113		33.4391
114		22.263
115		15.501
116		12.5255
117		9.95673
118		9.46618
119		9.01281
120		11.1899
121		13.5836
122		16.2225
123		22.261
124		32.3416
125		26.9053
126		29.9934
127		19.3436
128		15.332
129		13.3236
130		12.0379
131		13.608
132		16.601
133		21.7306
134		33.1434
135		28.5418
136		29.8754
137		19.7631
138		15.511
139		13.4555
140		12.0902
141		12.4088
142		14.6729
143		20.228
144		26.7903
145		38.1136
146		22.9569

#-------------------------------------
# i 	 Inhb(i)
