0		24.7426
1		41.5212
2		25.4807
3		16.5099
4		13.0909
5		10.9509
6		9.38486
7		9.08332
8		11.9796
9		15.9086
10		20.7051
11		31.2027
12		28.785
13		36.955
14		32.8733
15		32.4429
16		33.5028
17		39.0791
18		33.5436
19		35.6868
20		22.9716
21		16.6737
22		16.7993
23		22.9216
24		35.6411
25		32.34
26		35.1998
27		20.6008
28		13.2404
29		9.63737
30		8.28607
31		10.6276
32		16.9242
33		28.3088
34		23.9261
35		28.4847
36		18.503
37		12.1081
38		8.66155
39		7.55858
40		9.99009
41		13.895
42		19.6657
43		32.8483
44		30.6956
45		33.5338
46		21.9325
47		16.9477
48		14.6505
49		14.6585
50		19.8774
51		31.6092
52		48.9623
53		55.1509
54		52.3824
55		47.6361
56		31.3785
57		21.2117
58		18.8108
59		18.5717
60		24.5798
61		36.3845
62		30.8928
63		34.1411
64		22.0469
65		14.2859
66		12.3554
67		14.385
68		17.324
69		25.7505
70		39.0667
71		34.728
72		37.1963
73		24.9681
74		21.5504
75		25.9669
76		37.411
77		55.9784
78		63.883
79		63.2496
80		52.5528
81		33.048
82		20.7705
83		12.7218
84		7.90314
85		6.75229
86		6.16616
87		6.86877
88		11.1302
89		18.512
90		27.3208
91		46.4521
92		56.5852
93		55.4333
94		46.7136
95		26.9953
96		18.2342
97		15.2687
98		16.2902
99		22.173
100		34.9459
101		32.6148
102		38.0365
103		24.8664
104		16.4156
105		12.5435
106		12.1189
107		15.6771
108		22.112
109		33.3524
110		51.2454
111		58.4108
112		56.6484
113		50.4212
114		30.5612
115		18.9125
116		14.7266
117		14.6873
118		16.0339
119		22.6001
120		35.4072
121		31.9391
122		37.7289
123		26.623
124		21.4178
125		18.5563
126		19.06
127		23.7623
128		32.1598
129		27.842
130		32.7919
131		21.6474
132		15.4849
133		12.0732
134		15.0682
135		22.1569
136		31.0109
137		49.3957
138		61.7956
139		62.2778
140		51.6338
141		31.3664
142		20.6796
143		15.5204
144		15.2156
145		20.9556
146		35.0047
147		31.1207
148		32.2664
149		20.321
150		14.6185
151		11.2611
152		9.71324
153		11.9316
154		18.2952
155		28.955
156		24.5138
157		30.1131
158		21.7019
159		16.2339
160		11.4184
161		10.3453
162		9.62014
163		10.582
164		10.5219
165		9.85653
166		9.2479
167		11.2367
168		17.1452
169		28.5185
170		50.3493
171		59.416
172		57.3593
173		50.1928
174		34.5663
175		25.8723
176		21.9032
177		25.9218
178		40.7267
179		45.109
180		62.4105
181		47.1409
182		44.2188
183		30.3248
184		25.3654
185		26.6016
186		33.8016
187		50.0766
188		58.4734
189		57.8881
190		48.0088
191		28.293
192		18.2374
193		11.8877
194		7.57068
195		6.52621
196		7.81501
197		9.22333
198		12.4033
199		19.7973
200		32.6124
201		29.627
202		35.235
203		30.5461
204		31.6601
205		39.5002
206		33.2156
207		35.2118
208		22.6998
209		15.6703
210		12.0228
211		9.90848
212		11.81
213		18.6496
214		31.4545
215		28.4798
216		33.0539
217		21.2168
218		14.8933
219		12.2308
220		11.0799
221		10.2016
222		9.42781
223		9.97038
224		10.8806
225		13.8969
226		19.3015
227		32.3123
228		30.5288
229		33.8649
230		22.8686
231		14.624
232		10.6705
233		9.19267
234		9.35352
235		8.94415
236		8.47791
237		9.54189
238		12.017
239		19.0202
240		30.9561
241		51.1016
242		61.3594
243		62.1244
244		52.5915
245		30.9513
246		18.0158
247		10.4086
248		7.56293
249		7.21231
250		8.25265
251		11.8812
252		18.0926
253		30.1692
254		27.3465
255		30.9167
256		20.459
257		16.2258
258		13.7125
259		12.132
260		12.5159
261		14.8722
262		19.9133
263		23.9277
264		37.4929
265		23.54

#-------------------------------------
# i 	 Inhb(i)
