0		78.8097
1		43.8369
2		50.9792
3		55.4342
4		54.0219
5		57.4607
6		55.0059
7		55.1023
8		52.2903
9		58.1297
10		58.7738
11		56.5762
12		59.4385
13		54.7998
14		62.315
15		58.8968
16		59.1109
17		60.5855
18		55.2732
19		63.3969
20		53.2024
21		60.897
22		62.5339
23		55.8389
24		58.9349
25		52.0268
26		54.2712
27		56.635
28		54.4385
29		53.4484
30		57.8683
31		64.0016
32		54.457
33		57.1934
34		51.7337
35		54.0551
36		47.9204
37		54.1394
38		50.9001
39		58.9591
40		53.1558
41		54.3508
42		55.7125
43		54.4824
44		50.8
45		52.211
46		55.3246
47		53.5212
48		56.6889
49		52.4597
50		52.954
51		50.9725
52		54.2674
53		53.6032
54		52.105
55		51.9038
56		49.3349
57		54.8929
58		56.4919
59		57.8669
60		54.7797
61		51.4164
62		55.4866
63		49.5281
64		52.2219
65		53.3962
66		50.878
67		53.7895
68		51.2008
69		63.0001
70		53.8927
71		51.561
72		56.9121
73		50.8986
74		53.6173
75		56.011
76		61.5479
77		54.083
78		55.9449
79		53.7236
80		51.6574
81		54.6428
82		55.3556
83		51.8702
84		52.8069
85		53.2078
86		58.6899
87		66.4229
88		57.1845
89		60.7619
90		60.007
91		63.7687
92		54.1443
93		62.0628
94		57.8844
95		48.9294
96		56.6513
97		53.4296
98		58.0085
99		59.5902
100		56.1547
101		51.9099
102		60.3795
103		52.2376
104		48.8785
105		54.5895
106		59.9296
107		53.0719
108		47.8985
109		55.087
110		56.1926
111		49.759
112		60.5366
113		55.7762
114		54.8068
115		56.6481
116		58.7352
117		54.4854
118		53.8838
119		52.9004
120		56.0891
121		58.452
122		54.0265
123		50.494
124		59.5756
125		52.9405
126		51.5355
127		56.4291
128		50.0617
129		54.7446
130		52.6047
131		54.3918
132		50.3374
133		61.9549
134		59.0787
135		56.8639
136		54.0309
137		64.0826
138		52.7335
139		60.4605
140		54.683
141		54.1117
142		57.8881
143		58.9818
144		57.5383
145		58.8053
146		56.8734
147		55.896
148		57.0384
149		53.9156
150		54.2064
151		61.8196
152		62.1745
153		53.7279
154		53.6545
155		56.7831
156		56.8871
157		58.1134
158		57.55
159		55.172
160		58.1018
161		57.4095
162		53.9822
163		55.6375
164		50.7418
165		52.1014
166		53.855
167		53.3583
168		56.9935
169		54.2607
170		57.8227
171		48.1232
172		58.0243
173		45.9304
174		53.1462
175		60.651
176		61.7471
177		53.4308
178		50.7664
179		59.088
180		65.6776
181		54.8811
182		55.4361
183		62.6801
184		58.2765
185		48.2284
186		54.7714
187		57.6356
188		60.2521
189		62.0848
190		60.2353
191		58.0129
192		57.6875
193		55.2797
194		52.3447
195		53.6934
196		59.3227
197		59.7663
198		50.8486
199		48.778
200		59.2792
201		58.3542
202		54.4248
203		55.9177
204		59.0402
205		54.8996
206		48.381
207		56.5008
208		51.5765
209		50.1161
210		60.0821
211		52.5535
212		54.7303
213		56.7772
214		59.548
215		54.3489
216		55.0913
217		64.7902
218		56.0284
219		48.7292
220		52.3701
221		50.7307
222		49.7278
223		50.4038
224		47.7127
225		53.969
226		60.4432
227		49.926
228		49.24
229		62.1784
230		54.3224
231		53.4236
232		56.9797
233		53.2671
234		56.4466
235		55.6776
236		55.5642
237		54.7443
238		63.6536
239		49.2224
240		52.4341
241		55.5354
242		52.9172
243		51.8098
244		48.7622
245		58.024
246		53.1741
247		57.078
248		57.8673
249		51.0854
250		52.9839
251		56.0296
252		53.2098
253		61.8636
254		65.4109
255		57.7931
256		54.4246
257		54.4826
258		58.8683
259		58.274
260		62.1915
261		50.1766
262		60.88
263		51.0934
264		54.5846
265		53.0043
266		55.6194
267		52.2644
268		56.8274
269		55.733
270		56.4539
271		53.6831
272		53.5715
273		54.0164
274		53.4404
275		54.1114
276		48.7679
277		55.807
278		56.5142
279		61.2903
280		64.9158
281		54.879
282		58.69
283		62.6127
284		53.4281
285		54.1035
286		64.9626
287		54.3632
288		56.0741
289		53.8812
290		57.2165
291		52.2895
292		53.936
293		50.8431
294		46.1731
295		57.8118
296		44.4141
297		55.1861
298		53.476
299		63.3165
300		57.3183
301		58.144
302		48.2839
303		60.7188
304		59.1792
305		56.6698
306		58.4858
307		55.8819
308		53.6746
309		55.3935
310		50.2858
311		52.3832
312		51.7645
313		50.2486
314		61.6616
315		61.7815
316		54.946
317		49.7365
318		53.9424
319		53.4483
320		60.7238
321		51.4522
322		55.7887
323		52.5977
324		63.5093
325		53.055
326		49.876
327		53.8212
328		51.8216
329		47.702
330		54.3681
331		58.5853
332		50.7669
333		50.1207
334		48.0823
335		50.0561
336		53.7695
337		53.0924
338		50.5118
339		59.0597
340		61.026
341		55.2296
342		60.6151
343		52.3747
344		61.9452
345		53.0284
346		61.2512
347		53.5575
348		58.2411
349		57.9743
350		53.6857
351		53.5341
352		59.1263
353		52.2499
354		51.9998
355		54.1806
356		53.8935
357		55.64
358		47.6743
359		55.121
360		59.5636
361		57.4578
362		54.8194
363		58.799
364		56.5976
365		57.2156
366		58.4812
367		53.9225
368		57.1375
369		57.3618
370		50.705
371		49.8306
372		59.8624
373		57.8162
374		64.5893
375		51.9375
376		59.2849
377		57.9663
378		51.303
379		49.6033
380		70.3046
381		52.9594
382		61.5566
383		56.4884
384		61.8425
385		61.7142
386		59.8736
387		57.819
388		61.7431
389		56.9888
390		58.6328
391		58.6137
392		48.836
393		53.2397
394		50.7875
395		54.6166
396		51.2122
397		46.2009
398		54.8387
399		52.4876
400		59.1813
401		55.3894
402		56.3422
403		56.6204
404		51.9859
405		67.2856
406		52.0321
407		50.3784
408		61.5264
409		60.5681
410		55.7185
411		59.8018
412		50.6884
413		62.3553
414		55.0449
415		56.2476
416		60.4371
417		57.3137
418		49.7462
419		51.0422
420		51.1481
421		41.916
422		73.7097

#-------------------------------------
# i 	 HetR(i)
