0		781.157
1		3.71052
2		7.15067
3		14.1232
4		24.4975
5		32.8733
6		36.3497
7		47.8354
8		59.5155
9		54.7164
10		37.9508
11		31.5306
12		16.4377
13		740.091
14		14.7607
15		21.5929
16		30.6166
17		26.6649
18		21.1359
19		11.3817
20		5.342
21		712.94
22		4.53327
23		9.35855
24		20.531
25		31.1258
26		39.5402
27		39.4755
28		33.0636
29		16.4913
30		719.098
31		16.2483
32		28.6358
33		42.8382
34		46.4664
35		42.4573
36		36.5145
37		28.9427
38		18.7009
39		9.90665
40		5.95669
41		715.893
42		5.11616
43		10.3797
44		19.5059
45		28.7553
46		41.6687
47		44.7576
48		35.2019
49		37.0972
50		28.2787
51		22.1172
52		11.4582
53		5.27965
54		661.207
55		5.2033
56		10.2296
57		17.4142
58		25.1421
59		25.8933
60		20.6684
61		11.5582
62		5.01117
63		675.014
64		4.26835
65		10.3202
66		23.1752
67		31.1632
68		53.4131
69		61.5617
70		54.8057
71		87.9298
72		59.3352
73		62.482
74		58.3507
75		53.3276
76		41.8974
77		28.3096
78		17.6082
79		8.14309
80		4.36494
81		667.507
82		3.17338
83		7.4419
84		12.8489
85		8.99991
86		8.64837
87		3.8985
88		687.731
89		3.75891
90		11.0502
91		13.6891
92		18.8126
93		15.3061
94		11.3485
95		4.71101
96		656.171
97		5.40794
98		10.6594
99		16.1255
100		24.9432
101		37.0863
102		44.7299
103		47.437
104		49.571
105		39.7287
106		32.3477
107		17.3898
108		12.6379
109		5.30659
110		767.571
111		4.23992
112		10.1849
113		15.0311
114		23.2651
115		25.2968
116		20.6431
117		14.6961
118		8.00009
119		3.92777
120		704.239
121		4.66189
122		12.3491
123		20.5669
124		34.0717
125		42.4705
126		51.2808
127		47.6594
128		41.8766
129		27.2437
130		18.3071
131		10.2308
132		4.48581
133		677.328
134		5.1152
135		10.9715
136		17.5964
137		26.475
138		42.0091
139		45.0387
140		44.8741
141		33.8411
142		22.5351
143		11.3695
144		4.47652
145		725.572
146		6.19002
147		11.2192
148		17.8589
149		26.7226
150		21.9963
151		16.5662
152		8.06196
153		4.40595
154		717.954
155		4.81961
156		10.5841
157		17.1216
158		23.9118
159		42.5053
160		44.0162
161		74.9282
162		73.9707
163		50.84
164		69.9168
165		57.0691
166		77.4633
167		58.2371
168		40.1571
169		33.5085
170		16.6177
171		10.9127
172		4.75595
173		703.626
174		5.71197
175		10.7203
176		20.6236
177		43.4971
178		46.9815
179		55.5136
180		82.5729
181		53.3719
182		208.816
183		40.4815
184		27.3962
185		559.766
186		36.5348
187		44.6787
188		73.8008
189		63.916
190		64.8121
191		51.4644
192		37.9243
193		20.437
194		12.6255
195		5.74094
196		681.076
197		4.40276
198		13.762
199		23.5442
200		32.6598
201		53.568
202		73.609
203		61.8121
204		44.6816
205		37.9451
206		21.8188
207		12.7155
208		460.736
209		434.089
210		12.2615
211		17.2741
212		21.8595
213		16.8909
214		10.2753
215		5.60875
216		705.028
217		5.18443
218		10.0024
219		21.6717
220		27.4433
221		42.5629
222		51.9616
223		35.4678
224		26.5183
225		18.2997
226		11.7734
227		5.04291
228		699.806
229		4.44377
230		12.6768
231		21.2617
232		36.9995
233		48.7135
234		51.0213
235		56.9161
236		105.894
237		71.5398
238		51.681
239		57.6824
240		39.8761
241		32.5996
242		19.4977
243		10.8095
244		5.25741
245		729.707
246		4.8024
247		11.297
248		24.8325
249		36.5844
250		42.8921
251		64.1821
252		53.6471
253		41.3481
254		30.0207
255		19.8866
256		8.78897
257		4.87244
258		711.32
259		4.26139
260		10.6355
261		21.7004
262		33.9826
263		36.7642
264		36.358
265		50.928
266		59.5575
267		53.1813
268		68.2491
269		59.2974
270		56.2718
271		54.0299
272		42.5975
273		31.5462
274		16.8003
275		9.80737
276		5.31911
277		714.781
278		5.34636
279		12.5608
280		23.0959
281		36.3962
282		54.8563
283		51.5904
284		40.0235
285		30.2317
286		16.7576
287		7.69599
288		2.86407
289		734.544

#-------------------------------------
# i 	 PatA(i)
