0		0
1		0
2		0
3		0.745323
4		0.795233
5		1.03471
6		0.954333
7		0
8		0
9		0.865056
10		0.632395
11		0.524407
12		0
13		0.55518
14		0.306534
15		10.3997
16		1.91688
17		0.343872
18		0.612528
19		0
20		0.542255
21		0.574062
22		0.586733
23		0
24		0
25		0.573066
26		0.60161
27		0.582324
28		1.01666
29		1.16502
30		0.818236
31		0
32		0
33		0.45204
34		0.804953
35		1.0251
36		0
37		1.01816
38		0.762923
39		0.669337
40		0.658972
41		0
42		1.24566
43		0.93255
44		1.0139
45		0.848401
46		0.659412
47		0.929705
48		0
49		0.954127
50		0
51		1.05334
52		0
53		0.372739
54		0.31219
55		0.196367
56		12.3363
57		0
58		0.393947
59		0.237258
60		0.158913
61		10.5699
62		0
63		0.361461
64		0.354809
65		0.278753
66		0.380016
67		14.1913
68		0.21989
69		0
70		0.352228
71		0.352986
72		0.699061
73		0.690945
74		0
75		0
76		0.81367
77		0.35874
78		0
79		0.60937
80		0.827005
81		0.777567
82		0.770987
83		0
84		0
85		0.808504
86		0.81843
87		0.696866
88		0.80406
89		0
90		0.622324
91		0.436592
92		0
93		0.469159
94		0.919649
95		0.415298
96		0.435756
97		0
98		12.3544
99		0.221445
100		0.217697
101		0.30778
102		0.540187
103		0.822493
104		0
105		0
106		0.706994
107		0.645246
108		0.980271
109		0.885885
110		1.0731
111		0.872339
112		0
113		0.458357
114		0.636337
115		0
116		0
117		0.949075
118		0.774161
119		0.840606
120		0.756646
121		0.68473
122		0
123		0.596111
124		1.14743
125		1.41838
126		0
127		1.10591
128		0.846429
129		0.537307
130		0.779921
131		0
132		0.74848
133		0.797743
134		0.707164
135		0
136		0.571867
137		1.04411
138		0
139		0.687352
140		0.566127
141		0.500008
142		0.487033
143		0
144		0.455526
145		0
146		0
147		0.194481
148		0.450283
149		1.80308
150		0.382856
151		0.376335
152		0.50046
153		0.520821
154		0.471472
155		0
156		0
157		0.46576
158		0.576025
159		0
160		0.766378
161		0.772592
162		1.03167
163		0.399943
164		0
165		0
166		0.734482
167		0.74506
168		0.519978
169		0.375558
170		14.0094
171		0.140879
172		0
173		0.538844
174		0.643218
175		0.38514
176		0
177		6.5402
178		8.99277
179		0.155957
180		0.370364
181		0.512279
182		0.437723
183		0
184		0.325376
185		0.147754
186		13.2003
187		0.44666
188		0
189		0.427496
190		0.627008
191		0
192		0.523956
193		0.411646
194		0.463329
195		0.00321466
196		0.40891
197		0.613114
198		0.423851
199		0.469314
200		0
201		0.53143
202		0.576372
203		0.69484
204		0.748925
205		0
206		0.645666
207		0
208		0.912297
209		1.10555
210		0.589299
211		0.498516
212		0.2963
213		0
214		0
215		0
216		0

#-------------------------------------
# i 	 PatS(i)
