0		0
1		0
2		0
3		0.555999
4		0.625349
5		0
6		0.721453
7		1.0107
8		0
9		0.632563
10		0.521185
11		0.620421
12		0.513635
13		0
14		0.60528
15		0.809462
16		0
17		0.41588
18		0.769869
19		0.580642
20		0.444518
21		0
22		0
23		0.588831
24		0.196629
25		0
26		0.57373
27		0.584038
28		0
29		0.695107
30		0.363875
31		0.585216
32		0
33		0.238299
34		0
35		0.161863
36		13.4258
37		0.0620949
38		0.406103
39		0
40		0.335508
41		0.41322
42		0
43		0.629252
44		0.385266
45		0.518458
46		1.17381
47		0.304278
48		0.482066
49		0
50		0
51		0.886696
52		0.409938
53		0.570093
54		0.956995
55		0
56		0.873033
57		0.722056
58		0
59		0.725934
60		0.582801
61		1.0116
62		0.61179
63		0
64		0.910236
65		0.763937
66		0.635927
67		0
68		0
69		0.649014
70		0.511647
71		0.236903
72		12.2918
73		0.402947
74		0
75		0
76		1.07962
77		0.789036
78		0.832279
79		0.536344
80		0.314718
81		0.232859
82		0
83		0.441802
84		0.373159
85		0.433322
86		0.747646
87		0
88		0.577807
89		0
90		0.357253
91		0.403622
92		0.127549
93		11.0687
94		0
95		0.432605
96		0.454542
97		0.504265
98		0.65261
99		0
100		0.685458
101		0.17755
102		0
103		0.472578
104		0.258936
105		0
106		0
107		0.455073
108		0.698423
109		0.700044
110		0
111		1.09035
112		0.902983
113		0
114		0.710143
115		0.642024
116		0.806158
117		0.559461
118		0
119		0.308948
120		0.133528
121		11.9165
122		0.189009
123		0
124		0.486856
125		0.445091
126		0.611686
127		0.626268
128		0
129		0.839002
130		0.768181
131		0
132		0.608417
133		1.09511
134		0.568237
135		0.508919
136		0
137		0
138		0
139		0

#-------------------------------------
# i 	 PatS(i)
