0		0
1		0.000419687
2		0.0316327
3		0.0080077
4		0.056243
5		1.46097
6		0.258611
7		0.0182706
8		0.00692813
9		0.0358209
10		0.00153045
11		0
12		0.0172129
13		0.023522
14		0.0523224
15		0.0533996
16		0.011146
17		0.0358121
18		0
19		0.00820713
20		0.0196306
21		0.0102633
22		0.00133965
23		0.0140022
24		0
25		0.00362228
26		0.0043964
27		0.026028
28		0.102957
29		0.982174
30		0.397623
31		0.0854716
32		0
33		0.0412647
34		0.00793626
35		0.000229074
36		0.0117402
37		0.00957167
38		0
39		0.0340122
40		0.0136127
41		0.0618302
42		0.0143971
43		0
44		0.00773176
45		0.00591493
46		0
47		0.0102415
48		0.0246492
49		0.037425
50		0.102399
51		0.129897
52		0.063553
53		0.016189
54		0.0873289
55		0.0443531
56		0
57		0.0410685
58		0.00558743
59		0.0988329
60		0.0276796
61		0.233629
62		1.70524
63		1.51543
64		1.8114
65		0.0322237
66		0.0311101
67		0.0749649
68		0
69		0.0293609
70		0
71		0.0100977
72		0.0360451
73		0.0196496
74		0.0864843
75		1.28283
76		0.161927
77		0.0425051
78		0.0525548
79		0.036108
80		0.000783801
81		0
82		0.020869
83		0.0346005
84		0.0629756
85		0.0946708
86		0.0983459
87		0.0987601
88		0.069181
89		0.00416461
90		0
91		0.0196376
92		0.0287331
93		0.122775
94		0.0841187
95		0.0598103
96		0.120962
97		0.0420375
98		0.000555921
99		0
100		0.00520281
101		0.014938
102		0.0203028
103		0.088627
104		0.0367578
105		0
106		0.0333819
107		0.0219604
108		0.00715977
109		0
110		0.0115967
111		0
112		0.0229713
113		0.0450632
114		0.00698273
115		0.00413774
116		0.2076
117		0.120699
118		0.0914646
119		0
120		0.0659872
121		0.00895235
122		0
123		0.018061
124		0.000877746
125		0.0127521
126		0.136255
127		1.36174
128		1.34491
129		1.81641
130		0.139133
131		0.123074
132		0.0118162
133		0.0106891
134		0.006307
135		0
136		0.00271465
137		0.0117726
138		0.0360067
139		0.113597
140		1.32577
141		1.57664
142		1.26007
143		1.50092
144		0.0341795
145		0.0862988
146		0.0678247
147		0.00301999
148		0
149		0.0117438
150		0.0120243
151		0.0937429
152		0.025974
153		0.122783
154		0.0498994
155		0.000756384
156		0.0354702
157		0
158		0.0300642
159		0.0367624
160		0.0340211
161		0.0539109
162		0.0135504
163		0.01561
164		0.0196823
165		0.00109467
166		0
167		0.00434405
168		0.0713307
169		0.00163969
170		0.0945807
171		1.1249
172		1.6686
173		1.64675
174		1.90812
175		0.45737
176		0.366778
177		0.213927
178		0.0429287
179		0.0396261
180		0.00360286
181		0.0356799
182		0
183		0
184		0
185		0.0011937
186		0.0785213
187		0
188		0.0923915
189		0.0261324
190		0.0229464
191		0.0237604
192		0.00417813
193		0
194		0.00614032
195		0.0131227
196		0.0334521
197		0.0134609
198		0.0508714
199		0.00545019
200		0
201		0.0132537
202		0.0723532
203		0.0380878
204		0
205		0.0334059
206		0.011309
207		0.0240523
208		0
209		0.0452152
210		0.0169126
211		0.0129734
212		0.0143907
213		0.138562
214		0.061362
215		0.0166114
216		0.0139668
217		0
218		0.0128362
219		0
220		0.00760601
221		0.0891153
222		0.0197745
223		0.0935496
224		0.0122795
225		0
226		0.0150532
227		0.0297598
228		0.00749753
229		0.0111565
230		0.0366196
231		0
232		0.00186962
233		0.0136234
234		0
235		0.0147285
236		0.107972
237		1.37383
238		0.106718
239		0.0142003
240		0.0563166
241		0.0260019
242		0.000306668
243		0.0224466
244		0

#-------------------------------------
# i 	 PatS(i)
