0		0
1		0.00568165
2		0.0123955
3		0.00525773
4		0.0130227
5		0.030924
6		0.043246
7		0.0197812
8		0.00464274
9		0
10		0.0100446
11		0.108301
12		0.0711605
13		0.00564248
14		0.0229468
15		0.127585
16		0.0145678
17		0
18		0.00244056
19		0
20		0.0385629
21		0.0177456
22		0.0435773
23		0.0349789
24		0.142263
25		0.127207
26		0.108633
27		0.0187728
28		0.00356548
29		0
30		0
31		0.0603663
32		0.157216
33		0.0704916
34		0.0793075
35		1.94675
36		0.150831
37		0.182704
38		0.0307199
39		0.0342696
40		0
41		0.00925917
42		0
43		0.0310676
44		0.000166755
45		0.0327953
46		0.0788521
47		0.00468568
48		0.0108226
49		0.0250417
50		0.0148007
51		0
52		0.0107936
53		0.00705167
54		0.0185118
55		0.000415706
56		0.00349923
57		0.00122712
58		0
59		0.00684948
60		0.0207398
61		0.0814056
62		0.0737902
63		0.0410572
64		1.21972
65		0.071696
66		0.177773
67		0.0371244
68		0.00299343
69		0
70		0.00306816
71		0.00726785
72		0.049165
73		0.0638866
74		0.00155915
75		0.0246584
76		0
77		0.0179427
78		0
79		0.00322663
80		0.020418
81		0.0164663
82		0
83		0.0160968
84		0.00219014
85		0
86		0.00492901
87		0.0230234
88		0.0438588
89		0.0135094
90		0.0457181
91		0.0204731
92		0.0626531
93		0
94		0
95		0.0403166
96		0.0312501
97		0.0479392
98		0.0760529
99		0.00565614
100		0.00149126
101		0.0129107
102		0
103		0.0202668
104		0.00411531
105		0.0173959
106		0.0303776
107		0.0456143
108		0.0252169
109		0.0554618
110		0.0142566
111		0.00315169
112		0
113		0.0318984
114		0.0114821
115		0.0529881
116		0.0230203
117		0.0858601
118		0.080168
119		0.0575607
120		0.0136616
121		0.0184653
122		0.0374344
123		0
124		0
125		0.00679862
126		0.0499683
127		0.00571875
128		0.101774
129		0.0912179
130		1.98023
131		0.0491715
132		0.0842641
133		0.0787775
134		0.0858414
135		0
136		0.0399764
137		0.0427747
138		0.0575041
139		0.0655734
140		0.0664392
141		0.0918755
142		1.48785
143		0.204456
144		0.0158051
145		0.025021
146		0.0113123
147		0.00285208
148		0
149		0.00676954
150		0.0754652
151		0.0603053
152		0.134152
153		0.0489165
154		0.12022
155		0.000476134
156		0.069266
157		0.00178238
158		0.0199193
159		0
160		0.0513642
161		0.00306366
162		0.0987678
163		0.0593148
164		0.0292884
165		0.119175
166		0.0123082
167		0
168		0.00835234
169		0

#-------------------------------------
# i 	 PatS(i)
