0		0
1		0.000253688
2		0.0130167
3		0.0164981
4		0.107506
5		0.236395
6		0.135213
7		0.0327311
8		0.0178441
9		0.0773461
10		0.000352341
11		0
12		0.0131052
13		0.00795389
14		0.0997901
15		0.0633326
16		0.085053
17		1.30984
18		1.71572
19		0.160344
20		0.0751788
21		0.00790256
22		0.00908929
23		0.0115193
24		0
25		0.00816144
26		0.00636712
27		0
28		0.0339469
29		1.32822
30		1.88369
31		1.58249
32		1.47629
33		0.0568694
34		0.1295
35		0
36		0.0174679
37		0
38		0.0140159
39		0.0192734
40		0.0717215
41		0.0671211
42		0.019174
43		0.00146636
44		0
45		0.00462125
46		0.00874352
47		0.00159192
48		0.0719434
49		0.109563
50		0
51		0.0308125
52		7.94101e-05
53		0
54		0.00283227
55		0.00753294
56		0.0698918
57		0.154664
58		0.273621
59		1.23134
60		1.37016
61		1.38548
62		0.109774
63		0.0940588
64		0.00529193
65		0.00423532
66		0.0219651
67		0
68		0.0266217
69		0.00341502
70		0.00427879
71		0.0231956
72		0.00858363
73		0.0308545
74		0.00504293
75		0.0357445
76		0.0887041
77		0.0257223
78		0
79		0.011703
80		0.0618763
81		0.0751552
82		0.10474
83		0.00899092
84		0.00169166
85		0.0560279
86		0.00411094
87		0
88		0.00966325
89		0.0680137
90		0.150461
91		0.104767
92		0.0769699
93		0.122587
94		0.00111232
95		0.0166326
96		0
97		0.0105386
98		0.0452095
99		0.0219472
100		0.0342152
101		0.0396486
102		0.0233843
103		0.0174976
104		0.0219114
105		0
106		0.0363311
107		0
108		0.00788185
109		0.00488392
110		0.0141051
111		0.071602
112		0.0274339
113		0.257219
114		0.0472798
115		0.0567897
116		0.0675556
117		0.0410437
118		0
119		0.0163157
120		0.0102044
121		0.058982
122		0.163889
123		1.44417
124		1.39965
125		1.24769
126		0.0450746
127		0.0154044
128		0
129		0.0399286
130		0
131		0.0108475
132		0.00350308
133		0.0686197
134		0.0296394
135		1.61538
136		1.35757
137		1.44717
138		1.1261
139		0.0404185
140		0.0560349
141		0.00778033
142		0.000162886
143		0
144		0.00198368
145		0.0401535
146		0.0612344
147		0.0394397
148		0.0328421
149		0.760857
150		0.132142
151		0
152		0.228814
153		0.0851257
154		0.0484202
155		0.013323
156		0.10239
157		0.0139248
158		0.00811703
159		0
160		0.0299627
161		0.0328714
162		0.0316143
163		0.111695
164		0.140375
165		2.12945
166		1.20687
167		0.114618
168		0.130285
169		0.0861582
170		0.0828208
171		0
172		0.00819425
173		0.000796298
174		0
175		0
176		0.00247088
177		0.0107891
178		0.0882844
179		0.00551572
180		0.0434525
181		0.00878763
182		0.0164324
183		0.00704298
184		0
185		0.00586476
186		0.0352826
187		0.0135796
188		0.00986819
189		0.0333612
190		0
191		0.0543204
192		0.0306767
193		0.0137214
194		0.0554335
195		0.00663051
196		0.0321326
197		0.00803288
198		0
199		0.00109654
200		0.127237
201		0.0141626
202		0.0174991
203		0.0183106
204		0.00814893
205		0.0260864
206		0.0378523
207		0
208		0.0267536
209		0.0149545
210		0.0416457
211		0.0294262
212		0.0182818
213		0.000775035
214		0
215		0.0188639
216		0
217		0.00224017
218		0.0248137
219		0
220		0.0154025
221		0.00748821
222		0.0349819
223		0.209903
224		0.136219
225		2.17233
226		0.197295
227		0.0891243
228		0.0874881
229		0.00047107
230		0.0403219
231		0.00540699
232		0

#-------------------------------------
# i 	 PatS(i)
