0		0
1		0.0411958
2		0.0172787
3		0.0131517
4		0.0105706
5		0.0298422
6		0.0645543
7		0.013685
8		0.00815262
9		0
10		0.0247441
11		0.0296834
12		0.0287605
13		0.0164477
14		0.00953488
15		0.0121395
16		0
17		0
18		0.0409242
19		0.0372864
20		0.120618
21		0.109228
22		0.0488584
23		0.00438099
24		0.0417739
25		0.00267601
26		0
27		0.0122359
28		0.00867357
29		0.0203909
30		0.0305721
31		0.0885546
32		1.61712
33		0.205598
34		0.0603794
35		0.016093
36		0.0635065
37		0.017056
38		0
39		0.0289112
40		0.0103021
41		0.0333962
42		0.0307874
43		0.0787745
44		0.087724
45		0.021124
46		0.00480746
47		0
48		0.0178772
49		0.00767629
50		0.0215758
51		0.0760452
52		0.0346956
53		0.0560794
54		0
55		0.00536882
56		0.0235187
57		0.0480405
58		0.036483
59		0.0456414
60		0.0745361
61		0.112474
62		0.0807278
63		0.000898063
64		0
65		0.0243062
66		0.00691347
67		0.046147
68		0.00415931
69		0.00154253
70		0.0263217
71		0
72		0.0041844
73		0
74		0.00903251
75		0.048475
76		0.028053
77		0.0266177
78		0.0369991
79		0.00448443
80		0
81		0.0153493
82		0.0138782
83		0.0365201
84		0.0362853
85		0.0205571
86		0
87		0.0111494
88		0.00986226
89		0
90		0.00414988
91		0.0757558
92		0.0128652
93		0.0298355
94		0.0266866
95		0
96		0
97		0.029133
98		0.0374367
99		0.0684888
100		0.109284
101		0.112148
102		0.121923
103		0.00852054
104		0.0375514
105		0.0352355
106		0
107		0.0108282
108		0.0437339
109		0.0343216
110		0.0130556
111		0.0994468
112		0.0705947
113		0.0423476
114		0.040225
115		0.0116643
116		0
117		0
118		0
119		0.00572224
120		0.0432148
121		0.00940425
122		0.0456552
123		0.0736985
124		0.198091
125		0.0381549
126		0.00951911
127		0.0236612
128		0.00566845
129		0
130		0.00337577
131		0.0586852
132		0.0869005
133		0.0832325
134		1.39831
135		0.263441
136		0.129873
137		0.0287801
138		0
139		0.00252516
140		0
141		0.00412017
142		0.0246398
143		0.0161797
144		0.0853305
145		0.0572211
146		0.135491
147		0.0361572
148		0.0464395
149		0.0101977
150		0
151		0
152		0.0113369
153		0.0104766
154		0.0557269
155		0.148281
156		0.0491502
157		0.0254486
158		0.000470366
159		0.0456812
160		0.00494126
161		0

#-------------------------------------
# i 	 PatS(i)
