0		127.493
1		103.659
2		82.5433
3		63.8893
4		52.1818
5		43.6306
6		38.1776
7		35.6529
8		32.4891
9		29.3456
10		25.8472
11		20.7655
12		17.1922
13		13.3446
14		9.44984
15		7.26204
16		5.71575
17		4.90277
18		4.35211
19		4.7196
20		4.49023
21		4.01128
22		3.32901
23		2.33869
24		2.43891
25		2.91693
26		2.67234
27		1.35929
28		0.64595
29		0.756683
30		0.630063
31		0.387232
32		0.237256
33		0.155229
34		0.196482
35		0.402541
36		0.618236
37		0.809206
38		0.73614
39		0.836673
40		1.17508
41		0.898754
42		0.586143
43		0.302541
44		0.124078
45		0.327538
46		0.334756
47		0.257309
48		0.163473
49		0.160466
50		0.227896
51		0.107898
52		0.00811184
53		0
54		0
55		0.00484431
56		0.00695885
57		0.00307925
58		0.00489578
59		0.0216139
60		0.0233263
61		0.0196744
62		0.0461462
63		0.0287478
64		0
65		0.0166679
66		0.0603561
67		0.0930656
68		0.0585139
69		0.0353153
70		0.0913037
71		0.136255
72		0.551412
73		1.24935
74		1.71738
75		2.74115
76		3.65379
77		4.09777
78		4.82764
79		6.96226
80		10.1959
81		14.3044
82		19.0033
83		25.2651
84		32.2167
85		39.2122
86		46.9196
87		55.2165
88		66.4776
89		84.8695
90		110.112
91		142.075
92		174.518
93		140.527
94		114.46
95		93.0044
96		78.437
97		63.6497
98		51.8703
99		40.4961
100		29.9921
101		25.0835
102		20.5306
103		15.9743
104		13.5613
105		11.197
106		7.9918
107		5.80886
108		5.15217
109		4.80042
110		3.87808
111		2.91213
112		2.95674
113		2.88622
114		2.66715
115		3.31868
116		3.31275
117		2.68817
118		2.10351
119		1.91355
120		2.19327
121		1.51897
122		0.691189
123		0.633634
124		0.626394
125		0.339333
126		0.222531
127		0.272132
128		0.208668
129		0.0619445
130		0.0988592
131		0.0971107
132		0.0412168
133		0.0845172
134		0.135572
135		0.306543
136		0.31707
137		0.108924
138		0.0254569
139		0.0386033
140		0.0771302
141		0.0316321
142		0.00230954
143		0
144		0.000652335
145		0.00148578
146		0
147		0
148		0.00596032
149		0.00821311
150		0.00230893
151		0.0388193
152		0.115366
153		0.185445
154		0.229255
155		0.238385
156		0.0539831
157		0.0585902
158		0.36329
159		0.560883
160		0.481554
161		0.346095
162		0.231703
163		0.0546315
164		0.0109724
165		0.0287405
166		0.0401673
167		0.0691707
168		0.0576852
169		0.0216994
170		0.0347778
171		0.0778429
172		0.0451386
173		0.0711182
174		0.0460489
175		0.0103149
176		0.00328532
177		0.0191537
178		0.0972603
179		0.103521
180		0.0479501
181		0.0140293
182		0.00537362
183		0.00968348
184		0.0212839
185		0.0365965
186		0.0216268
187		0
188		0.0338518
189		0.0501119
190		0.00723964
191		0
192		0.009013
193		0.00468489
194		0
195		0.00858554
196		0.0339109
197		0.0249757
198		0.00182356
199		0.000134999
200		0.0017885
201		0.013155
202		0.00862052
203		0.0515363
204		0.118968
205		0.184507
206		0.357644
207		0.389729
208		0.0993375
209		0.00600146
210		0.13071
211		0.305441
212		0.425824
213		0.413196
214		0.369065
215		0.221363
216		0.124904
217		0.107766
218		0.10026
219		0.0527016
220		0
221		0.00423355
222		0.0187727
223		0.102117
224		0.137277
225		0.170335
226		0.244238
227		0.0935402
228		0.0137155
229		0.110035
230		0.21554
231		0.182287
232		0.257128
233		0.424383
234		0.84528
235		0.961874
236		0.807952
237		0.849474
238		0.76646
239		0.559478
240		0.584573
241		1.06489
242		1.53477
243		1.30208
244		1.05976
245		1.20006
246		1.32431
247		2.21377
248		3.30224
249		3.95469
250		4.42438
251		4.91451
252		5.68602
253		5.93682
254		6.94704
255		7.95033
256		10.0917
257		15.124
258		19.4533
259		21.9525
260		26.0797
261		35.387
262		48.4677
263		65.1313
264		82.8707
265		101.965
266		127.552

#-------------------------------------
# i 	 fixN(i)
